Reg	Orden	Hogar	Fex_c	P49	P50	P51	P52	P52a	P53	P54	P55	P56	P57	P56n	P57a	Valor58a	Valor58b	Valor58c	Valor59a	Valor59b	Valor59c	Llave_viv	Llave_hog	Fex_c_2011
70	05	01	1026.3122078	4	48	45	1	14	2	4	45	52	1	5233	8	150000	0	0	0	0	0	200601300001	20060130000101	1056.19293697837
70	01	01	825.25798538	8	48	54	3	01	2	8	54	95	3	9500	6	0	0	0	0	0	0	200601300002	20060130000201	842.870330010317
70	02	01	1339.748064	4	48	57	5	01	2	4	57	93	5	9302	8	0	0	0	0	0	0	200601300004	20060130000401	1344.09564995676
70	03	01	930.6380577	8	48	54	3	01	1							0	0	0	0	0	0	200601300013	20060130001301	941.862424515527
70	09	01	930.6380577	2	48	79	1	01	1							0	0	0	0	0	0	200601300013	20060130001301	941.862424515527
70	03	01	952.18125193	8	48	45	1	07	1							0	0	0	0	0	0	200601300014	20060130001401	958.408368956514
70	04	01	952.18125193	8	48	58	1	01	2	8	58	80	2	8045	8	0	0	0	0	98	0	200601300014	20060130001401	958.408368956514
70	03	01	3844.0913503	998	48	97	4	01	2	13	97	15	1	1581	8	0	0	0	0	0	98	200601300029	20060130002901	3855.96712733129
70	01	01	4130.3268279	4	48	99	4	01	2	4	99	45	1	4521	8	98	0	0	0	0	0	200601300031	20060130003101	4127.9890698225
70	03	01	3564.3465017	52	48	54	3	01	2	52	54	95	3	9500	6	0	0	0	0	0	0	200601300033	20060130003301	3610.58686621478
70	02	01	4085.0577299	8	48	53	1	02	2	8	53	91	1	9199	8	0	0	0	0	0	0	200601300045	20060130004501	4075.73734213041
70	03	01	1752.8552348	4	48	62	4	01	1							21000	0	0	0	0	0	200601300048	20060130004801	1786.76668841541
70	04	01	1752.8552348	4	48	62	4	01	1							21000	0	0	0	0	0	200601300048	20060130004801	1786.76668841541
70	03	01	2479.0731085	4	48	45	1	01	1							0	0	0	0	0	0	200601300067	20060130006701	2451.74061118502
70	03	01	3317.4920465	8	48	45	1	01	1							0	0	0	0	0	0	200601300093	20060130009301	3263.95154789512
70	04	01	2296.1537459	8	48	45	1	01	1							0	0	0	0	0	0	200601300135	20060130013501	2302.07089769297
70	05	01	1766.2461651	52	24	62	4	01	1							0	0	0	0	0	0	200601300144	20060130014401	1746.39243268652
70	06	01	1766.2461651	4	14	62	4	01	1							0	0	0	0	0	0	200601300144	20060130014401	1746.39243268652
70	03	01	3747.8527211	26	60	59	1	05	2	26	59	85	1	8511	8	0	0	0	0	0	0	200601300177	20060130017701	3857.24151775343
70	03	01	3005.6751706	13	48	45	1	14	2	13	54	95	3	9500	8	0	0	0	0	0	0	200601300181	20060130018101	2966.1035961148
70	08	01	3005.6751706	156	48	32	1	07	1							0	0	0	0	0	0	200601300181	20060130018101	2966.1035961148
70	04	01	775.79304582	4	30	45	1	01	1							0	0	0	0	0	0	200601300223	20060130022301	779.403167636777
70	01	01	825.34511831	156	60	05	1	01	2	156	05	75	2	7512	8	0	0	0	0	0	0	200601300254	20060130025401	826.583773270566
70	02	01	1242.0142133	156	60	59	5	01	2	52	59	85	5	8532	8	0	0	0	0	0	0	200601300269	20060130026901	1241.45908641292
70	07	01	995.0805439	4	60	60	1	01	2	4	60	01	4	0121	0	0	0	0	0	0	0	200601300280	20060130028001	997.417048312689
70	03	01	1088.244051	4	60	62	4	01	2	4	62	01	4	0117	8	0	0	0	0	0	0	200601300285	20060130028501	1091.09843239985
70	01	01	903.59211889	104	60	99	1	01	2	104	19	91	1	9191	8	0	0	0	3300000	0	0	200601300288	20060130028801	897.333489524204
70	03	01	923.86567296	4	40	39	5	09	1							0	0	0	0	0	0	200601300294	20060130029401	928.285479738919
70	01	01	997.63958436	52	56	62	4	01	2	4	62	01	5	0140	8	200000	0	0	0	0	0	200601300325	20060130032501	1002.32985894685
70	05	01	1087.0591737	8	52	45	1	01	2	52	39	74	1	7499	2	0	0	0	0	0	0	200601300360	20060130036001	1087.29629642152
70	02	01	1080.5214	52	48	45	1	01	1							0	0	0	0	0	0	200601300391	20060130039101	1088.22352796725
70	03	01	966.62858109	52	48	11	1	01	2	52	33	85	2	8511	8	0	0	0	0	0	0	200601300397	20060130039701	956.245464634875
70	02	01	1248.5496514	8	48	45	1	01	1							0	0	0	0	0	0	200601300400	20060130040001	1243.27675754453
70	03	01	1360.4183835	52	48	84	1	01	1							0	0	0	0	0	0	200601300403	20060130040301	1369.08171906665
70	01	01	905.86892866	104	48	58	2	01	2	156	58	75	2	7524	3	0	0	0	0	0	0	200601300408	20060130040801	907.59559860512
70	02	01	796.34505349	4	48	37	1	01	1							0	0	0	0	0	0	200601300410	20060130041001	793.070808561368
70	01	01	1140.7395928	43	48	55	1	01	2	52	58	63	1	6339	8	0	0	0	0	0	0	200601300503	20060130050301	1127.79247265175
70	04	01	1140.7395928	26	48	54	3	01	2	26	54	95	3	9500	4	0	0	0	0	0	0	200601300503	20060130050301	1127.79247265175
70	04	01	1717.2275191	104	40	32	1	01	2	104	58	75	2	7524	1	0	0	0	0	0	0	200601300520	20060130052001	1731.91704736998
70	02	01	1118.2628469	4	55	54	3	01	2	13	54	95	3	9500	6	0	0	0	0	0	0	200601300526	20060130052601	1098.38484010599
70	06	01	716.78056826	2	50	54	3	02	2	2	54	95	3	9500	6	130000	0	0	0	0	0	200601300540	20060130054001	722.55881593633
70	06	01	1597.8609139	13	40	53	1	01	2	13	53	85	1	8532	6	0	0	0	0	0	0	200601300543	20060130054301	1620.78571145894
70	01	01	2914.5797676	8	40	62	5	01	2	2	62	01	5	0140	8	0	0	0	0	0	0	200601300552	20060130055201	2908.65406881198
70	01	01	2591.7438315	2	40	95	5	01	2	2	95	20	5	2090	8	50000	0	0	600000	0	0	200601300554	20060130055401	2620.0720723938
70	02	01	2180.3162101	1	50	53	1	09	2	1	53	55	1	5521	6	540000	0	0	0	0	0	200601300563	20060130056301	2208.85790263214
70	04	01	2180.3162101	52	60	45	1	03	2	52	45	50	1	5051	1	0	0	0	0	0	0	200601300563	20060130056301	2208.85790263214
70	05	01	2180.3162101	4	40	54	3	01	2	4	54	95	3	9500	8	300000	0	0	0	0	0	200601300563	20060130056301	2208.85790263214
70	02	01	1282.3408112	8	48	71	5	11	2	8	71	13	5	1320	0	0	0	0	0	0	0	200601300627	20060130062701	1284.58852125671
70	03	01	681.83107593	52	48	58	1	01	1							0	0	0	0	0	0	200601300630	20060130063001	683.747252094654
70	01	01	925.70125364	4	48	95	5	01	2	4	95	45	5	4521	8	98	0	0	0	0	0	200601300631	20060130063101	940.777265221931
70	02	01	925.70125364	4	48	59	5	02	2	4	59	85	5	8532	8	98	0	0	0	0	0	200601300631	20060130063101	940.777265221931
70	02	01	719.8651006	4	48	39	4	02	2	998	39	74	1	7499	3	0	0	0	0	0	0	200601300664	20060130066401	726.503164206944
70	05	01	534.69197246	52	48	18	1	05	1							0	0	0	0	0	0	200601300667	20060130066701	517.888100869562
70	06	01	1717.6244229	4	48	13	5	02	2	4	13	80	5	8021	8	98	0	0	0	0	0	200601300676	20060130067601	1719.46418950899
70	10	01	1717.6244229	30	48	99	1	01	2	4	99	45	1	4530	8	98	0	0	0	0	0	200601300676	20060130067601	1719.46418950899
70	03	01	1148.6090487	26	50	62	4	01	2	26	62	01	4	0111	3	0	0	0	0	0	0	200601300708	20060130070801	1147.92979133236
70	04	01	1148.6090487	4	40	62	4	01	2	4	17	92	1	9213	3	98	0	0	0	0	0	200601300708	20060130070801	1147.92979133236
70	06	01	754.89301025	1	50	54	3	09	1							0	0	0	0	0	0	200601300715	20060130071501	747.361389776203
70	03	01	888.93244891	4	70	54	3	10	2	13	54	95	3	9500	6	0	0	0	0	0	0	200601300733	20060130073301	896.410473023585
70	01	01	660.99978536	4	48	62	4	08	2	4	62	01	4	0111	8	120000	0	0	0	0	0	200601300751	20060130075101	659.95520919119
70	03	01	4404.289029	52	40	34	1	01	1							0	0	0	0	0	0	200601300783	20060130078301	4419.32707092145
70	05	01	7056.5473361	4	40	62	1	01	2	4	54	95	3	9500	8	200000	0	0	0	0	0	200601300812	20060130081201	7124.93220178201
70	02	01	6395.9725536	104	24	13	2	02	2	78	13	80	5	8012	8	0	0	0	0	0	0	200601300814	20060130081401	6465.8817202964
70	03	01	5466.205684	4	40	18	1	01	1							0	0	0	0	0	0	200601300817	20060130081701	5468.89842343259
70	05	01	6304.2251734	2	60	54	3	01	2	8	54	95	3	9500	6	0	0	0	0	0	0	200601300818	20060130081801	6258.83252914952
70	01	01	5718.3497219	2	60	77	1	05	2	2	77	15	1	1551	6	300000	0	0	0	0	0	200601300819	20060130081901	5665.21574258501
70	02	01	5601.1361101	8	40	13	1	01	2	8	13	80	1	8012	8	0	0	0	0	0	0	200601300821	20060130082101	5665.88898883427
70	03	01	4115.1588216	8	20	13	1	01	1							0	0	0	0	0	0	200601300825	20060130082501	4026.42531286579
70	01	01	1103.9221723	4	44	95	1	01	2	4	45	52	5	5269	7	0	0	0	0	0	0	200601300838	20060130083801	1098.13826936701
70	02	01	1103.9221723	4	44	95	1	05	2	8	62	01	1	0117	8	0	0	0	0	0	0	200601300838	20060130083801	1098.13826936701
70	01	01	1120.8379772	208	54	32	1	01	2	998	32	22	1	2220	7	0	0	0	600000	0	0	200601300841	20060130084101	1133.54211751868
70	03	01	1159.0728853	104	40	54	7	01	2	104	54	95	3	9500	4	0	0	0	0	0	0	200601300842	20060130084201	1314.68909954081
70	02	02	1742.7655929	52	40	55	3	01	2	998	54	95	3	9500	3	0	0	0	0	0	0	200601300842	20060130084202	1314.68909954081
70	02	03	1146.5275765	104	50	54	3	01	2	104	54	95	3	9500	8	0	0	0	0	0	0	200601300842	20060130084203	1314.68909954081
70	02	01	1486.0232771	52	20	54	3	01	1							0	0	0	0	0	0	200601300843	20060130084301	1479.8318987112
70	02	01	1075.3634815	998	40	55	1	01	2	104	55	85	5	8512	8	0	0	0	0	0	0	200601300844	20060130084401	1052.26571860077
70	01	01	1225.6046994	26	48	18	5	01	2	26	18	75	5	7513	8	0	0	0	0	0	0	200601300845	20060130084501	1216.74349822816
70	03	01	1228.197855	52	40	45	1	01	2	998	61	01	5	0140	3	0	0	0	0	0	0	200601300848	20060130084801	1254.64191747861
70	04	01	3073.9559039	30	48	61	5	01	2	30	62	01	1	0140	8	0	0	0	0	0	0	200601300850	20060130085001	3133.39295956087
70	05	01	2442.9838645	26	40	45	1	01	1							0	0	0	0	0	0	200601300853	20060130085301	2431.92380682801
70	05	01	2994.8857624	26	20	56	5	01	2	26	56	93	5	9301	3	0	0	0	0	0	0	200601300854	20060130085401	3031.52934885285
70	06	01	2994.8857624	4	40	77	1	01	2	156	77	15	1	1551	3	0	0	0	0	0	0	200601300854	20060130085401	3031.52934885285
70	02	01	2064.1275141	4	40	45	1	01	2	26	98	60	1	6021	4	0	0	0	0	0	0	200601300856	20060130085601	2084.06021106965
70	01	01	2242.9094556	13	50	62	1	01	2	13	54	95	3	9500	3	0	0	0	1200000	0	0	200601300862	20060130086201	2225.82761166689
70	02	02	3035.8988604	8	40	54	3	02	2	998	54	95	3	9500	3	0	0	0	0	0	0	200601300866	20060130086602	2581.0373138217
70	01	01	2610.042909	36	40	61	5	01	2	17	62	01	1	0111	8	0	0	0	0	0	0	200601300869	20060130086901	2628.06899025382
70	03	01	1345.1025188	4	48	54	3	01	2	6	54	95	3	9500	7	0	0	0	0	0	0	200601300871	20060130087101	1347.27764690301
70	03	01	2557.6000086	52	40	45	1	01	2	104	60	01	1	0115	6	0	0	0	0	0	0	200601300873	20060130087301	2542.17055252518
70	04	01	2557.6000086	52	40	32	1	01	1							0	0	0	0	0	0	200601300873	20060130087301	2542.17055252518
70	03	01	2645.324427	13	40	61	5	06	2	4	61	01	5	0140	8	0	0	0	0	0	0	200601300877	20060130087701	2676.19753102154
70	05	01	2441.9119403	30	50	61	1	06	2	30	61	01	5	0140	8	0	0	0	0	0	0	200601300880	20060130088001	2451.55893999946
70	06	01	2441.9119403	30	50	61	1	06	2	30	61	01	5	0140	8	0	0	0	0	0	0	200601300880	20060130088001	2451.55893999946
70	02	01	3497.9760439	43	40	61	5	06	2	43	61	01	5	0140	8	0	0	0	0	0	0	200601300882	20060130088201	3504.10735944391
70	04	01	1417.4140772	52	40	54	3	01	2	52	56	93	5	9301	7	0	0	0	0	0	0	200601300891	20060130089101	1404.62117675271
70	03	01	2131.3333405	8	48	45	1	01	2	8	45	52	1	5211	6	0	0	0	0	0	0	200601300892	20060130089201	2118.47546043765
70	04	01	2131.3333405	30	48	45	1	01	1							0	0	0	0	0	0	200601300892	20060130089201	2118.47546043765
70	02	02	2000.3005692	52	40	54	5	07	2	998	54	95	3	9500	3	0	0	0	0	0	0	200601300897	20060130089702	2222.83016056723
70	03	02	2000.3005692	52	40	45	1	01	1							0	0	0	0	0	0	200601300897	20060130089702	2222.83016056723
70	03	01	2150.1095738	208	40	54	3	01	2	208	54	95	3	9500	4	0	0	0	0	0	0	200601300906	20060130090601	2126.23687052685
70	05	01	1700.7093193	208	35	13	2	07	1							0	0	0	98	0	0	200601300907	20060130090701	1725.41562953953
70	03	01	2724.4432954	4	40	61	5	02	1							0	0	0	0	0	0	200601300908	20060130090801	2709.95614369181
70	04	01	3103.4845003	104	49	61	5	01	2	8	61	01	5	0140	8	0	0	0	0	0	0	200601300910	20060130091001	3124.93479483487
70	03	01	2318.4605111	4	48	61	5	01	2	8	61	01	5	0140	8	0	0	0	0	0	0	200601300913	20060130091301	2328.44787782798
70	04	01	1487.4765552	8	48	62	4	01	2	8	45	52	5	5269	0	0	0	0	0	0	0	200601300918	20060130091801	1461.86907953327
70	02	01	1190.7298149	104	48	54	3	01	2	104	77	15	1	1551	7	0	0	0	0	0	0	200601300919	20060130091901	1192.14990301404
70	03	01	1194.6747976	5	40	45	1	08	2	5	45	52	1	5211	6	200000	0	0	0	0	0	200601300921	20060130092101	1201.58269920949
70	02	01	2432.3769953	4	40	54	3	10	2	4	54	95	3	9500	8	80000	0	0	0	0	0	200601300935	20060130093501	2409.76768645894
70	02	01	2216.2375242	52	50	62	4	01	2	998	54	95	3	9500	4	0	0	0	0	0	0	200601300937	20060130093701	2217.28359907048
70	01	01	2554.8034141	4	50	60	1	01	2	2	60	01	1	0117	1	384000	0	0	0	0	0	200601300942	20060130094201	2564.78991124894
70	12	01	2126.414967	1	40	55	3	10	2	4	55	95	3	9500	4	120000	0	0	0	0	0	200601300946	20060130094601	2092.3213651382
70	06	01	2606.7720028	8	48	54	3	01	2	8	54	95	3	9500	3	0	0	0	300000	0	0	200601300950	20060130095001	2606.98308729415
70	05	01	982.66461336	30	40	54	3	01	2	30	54	95	3	9500	8	0	0	0	0	0	0	200601300955	20060130095501	959.905496238724
70	07	01	982.66461336	34	45	62	1	01	2	34	62	01	1	0121	8	0	0	0	0	0	0	200601300955	20060130095501	959.905496238724
70	03	01	1092.9635978	43	45	95	1	07	2	13	95	45	1	4521	8	0	0	0	0	0	0	200601300956	20060130095601	1095.89592766957
70	04	01	1032.1352196	8	54	54	3	01	2	8	54	95	3	9500	8	0	0	0	0	0	0	200601300967	20060130096701	1026.0677581094
70	04	01	1039.7301041	4	48	45	1	07	1							0	0	0	0	0	0	200601300978	20060130097801	1044.22778640139
70	04	01	1144.3526813	4	54	54	3	01	2	4	54	95	3	9500	8	98	0	0	0	0	0	200601300993	20060130099301	1115.49863186754
70	02	01	1127.0714686	43	48	54	3	01	2	8	53	55	1	5521	8	50000	0	0	0	0	0	200601300999	20060130099901	1130.46778548654
70	06	01	1001.3977354	8	40	98	1	09	2	8	95	45	1	4521	8	0	0	0	0	0	0	200601301001	20060130100101	987.315091612795
70	08	01	1001.3977354	52	40	62	1	01	1							0	0	0	0	0	0	200601301001	20060130100101	987.315091612795
70	01	01	1101.8507835	1	50	62	4	02	2	1	98	60	5	6039	6	400000	0	0	0	0	0	200601301004	20060130100401	1102.80291812802
70	03	01	1114.4012631	13	50	45	5	08	2	17	62	01	4	0116	4	0	0	0	200000	0	0	200601301005	20060130100501	1121.68729457877
70	04	01	1033.5031859	17	50	62	4	09	2	17	62	01	4	0116	8	0	0	0	0	0	0	200601301010	20060130101001	1051.79498540901
70	03	01	1234.6835713	4	40	62	1	01	2	4	62	01	1	0116	8	240000	0	0	0	0	0	200601301013	20060130101301	1239.98773745777
70	03	01	1301.559474	8	50	45	1	01	2	8	45	52	1	5233	8	0	0	0	0	0	0	200601301017	20060130101701	1309.04697460935
70	06	01	1785.1101143	8	50	54	3	01	2	8	54	95	3	9500	8	0	0	0	0	0	0	200601301037	20060130103701	1791.82277902077
70	03	01	1556.5797884	8	48	95	1	05	2	8	95	45	1	4521	8	0	0	0	0	0	0	200601301040	20060130104001	1550.77127099648
70	04	01	1531.0861531	4	60	45	1	02	2	4	45	92	1	9242	8	700000	0	0	0	0	0	200601301042	20060130104201	1598.84609440291
70	02	01	1623.3651142	8	48	90	1	14	2	8	90	25	1	2529	8	0	0	0	0	0	0	200601301045	20060130104501	1613.40298901617
70	01	01	1382.4689169	2	54	62	4	01	2	2	95	45	1	4521	8	360000	0	0	0	0	0	200601301047	20060130104701	1368.78836929731
70	02	01	1382.4689169	4	48	54	3	01	2	6	54	95	3	9500	8	0	0	0	0	0	0	200601301047	20060130104701	1368.78836929731
70	04	01	1261.8396121	4	48	55	1	01	2	104	53	55	1	5521	1	0	0	0	0	0	0	200601301049	20060130104901	1277.9251673856
70	02	01	1341.3277761	8	48	79	5	08	2	43	99	11	1	1110	8	0	0	0	0	0	0	200601301069	20060130106901	1349.08366103124
70	03	01	1336.8985248	8	48	99	1	09	2	2	62	01	1	0123	8	45000	0	0	0	0	0	200601301079	20060130107901	1338.4929366196
70	03	01	1283.6263729	156	24	13	5	14	2	104	13	80	5	8043	8	60000	0	0	0	0	0	200601301080	20060130108001	1271.91348589091
70	05	01	1283.6263729	52	48	45	1	07	2	1	62	01	1	0117	8	50000	0	0	0	0	0	200601301080	20060130108001	1271.91348589091
70	01	01	1467.8267539	4	48	62	1	05	2	4	62	01	1	0115	8	250000	0	0	0	0	0	200601301084	20060130108401	1470.29943856835
70	02	01	1331.0083587	26	48	32	1	01	2	30	33	75	5	7512	8	0	0	0	0	0	0	200601301086	20060130108601	1335.22474417305
70	04	01	1478.0475213	8	48	54	3	01	2	156	54	95	3	9500	2	0	0	0	0	0	0	200601301110	20060130111001	1485.44687635897
70	05	01	1168.2106023	6	48	54	3	01	2	6	54	95	3	9500	6	0	0	0	400000	0	0	200601301116	20060130111601	1165.74918460719
70	01	01	1976.4947008	8	54	62	4	12	2	43	62	01	4	0111	4	0	0	0	0	0	0	200601301133	20060130113301	1979.06009149863
70	04	01	1976.4947008	3	50	62	4	01	2	3	62	01	4	0111	8	120000	0	0	0	0	0	200601301133	20060130113301	1979.06009149863
70	03	01	1794.3727087	4	48	54	3	01	2	4	54	95	3	9500	8	280000	0	0	0	0	0	200601301134	20060130113401	1820.98681895667
70	01	01	1450.1222462	2	50	54	3	01	2	998	54	95	3	9500	3	0	1200000	0	720000	0	0	200601301137	20060130113701	1462.13598141124
70	03	01	3331.1305417	30	50	54	3	01	1							0	0	0	0	0	0	200601301152	20060130115201	3361.61996256992
70	03	01	3513.2328386	8	50	54	3	01	2	8	54	95	3	9500	6	0	0	0	0	0	0	200601301166	20060130116601	3556.70320430532
70	01	01	2898.8430025	13	48	98	1	01	2	13	98	52	1	5241	8	0	0	0	600000	0	0	200601301196	20060130119601	2908.66169467405
70	02	01	5025.2981597	26	48	45	1	01	2	156	45	15	1	1551	3	0	0	0	0	0	0	200601301202	20060130120201	5041.51049678408
70	04	01	4531.7489537	104	48	58	1	01	2	3	99	51	1	5141	8	30000	0	0	0	0	0	200601301205	20060130120501	4571.85188108986
70	03	01	3858.6488152	26	54	62	1	01	2	104	99	50	5	5020	5	0	0	0	0	0	0	200601301207	20060130120701	3858.65989734214
70	01	01	3973.033652	13	48	95	6	01	2	13	95	45	6	4521	8	0	0	0	1200000	0	0	200601301222	20060130122201	3953.39370739764
70	05	01	3973.033652	13	48	95	1	01	2	13	95	45	1	4521	8	0	0	0	0	0	0	200601301222	20060130122201	3953.39370739764
70	01	01	4616.7513252	998	25	54	3	05	2	998	54	95	3	9500	3	0	0	0	0	0	0	200601301223	20060130122301	4594.72471798944
70	01	01	3615.3029672	8	48	85	5	01	2	17	95	45	5	4530	8	0	0	0	0	0	0	200601301226	20060130122601	3589.16409322108
70	06	01	4041.330605	8	48	45	1	01	1							0	0	0	0	0	0	200601301230	20060130123001	3970.86635305496
70	03	01	1504.4642081	52	30	62	1	01	2	52	62	92	1	9249	7	0	0	0	0	0	0	200601301242	20060130124201	1495.8955009738
70	02	01	1365.3180141	52	48	54	3	01	2	52	59	95	3	9500	7	0	0	0	0	0	0	200601301243	20060130124301	1356.2826517336
70	02	01	1772.0691408	8	48	95	1	09	1							0	0	0	0	0	0	200601301247	20060130124701	1773.73444157855
70	03	01	1772.0691408	8	48	99	1	09	2	8	99	45	1	4521	8	160000	0	0	0	0	0	200601301247	20060130124701	1773.73444157855
